3.396272423281549 
5.742226886268381 
2.0326795633676453 
1.4054705962520797 
3.142037929007304 
4.2886117296601345 
0.18865090461801848 
2.260090751002303 
2.0674799813090052 
6.218784222350271 
8.43270016321476 
4.182020979243257 
4.145297122828474 
9.517908044004617 
3.440000155291262 
2.8204954254784873 
2.52492982405653 
8.069603535841022 
7.030893009814018 
1.8558454233463995 
0.29886714726818586 
1.463250413910916 
2.9253573226337872 
1.8519927830528093 
9.460175628808562 
7.685838758011614 
9.546247500367485 
5.755425648671885 
4.852332477356605 
4.931533343864997 
0.34082891022846673 
7.274747040598459 
8.027780758588078 
6.428303381450058 
2.8924836819002264 
7.689981513496057 
0.8704339332871225 
5.968003516519556 
5.78134155420469 
0.49054232160872013 
3.6988503650731186 
7.588871616766516 
5.176860335032374 
2.156746338586868 
9.192587107587636 
8.826831528477708 
2.608546364502664 
6.470005328861785 
1.7859136863718084 
7.660768069598749 
9.160588738788253 
2.510276550141637 
9.682980008586197 
6.722881023502763 
8.149984248524364 
4.215665015239241 
8.805593885125047 
0.4100397131500799 
9.927366481113856 
5.673171970651509 
2.9176554808502186 
6.817535691796719 
9.287531376872751 
9.404597693721934 
9.571395936331541 
6.505675253470936 
3.675280735333162 
0.7782333879071424 
4.595819134671596 
3.3217914405353897 
7.631482392466654 
7.720346657290195 
1.0609028195934533 
6.415772705875332 
2.8190768246259523 
6.50716693514732 
9.24693996320131 
1.0203640058522379 
2.2294014368482227 
8.36099975000683 
5.924986986494205 
9.56775413530517 
6.2038360284052585 
5.109527539644715 
8.020563227632058 
1.9544966922678264 
1.1845098312216629 
4.814255176807565 
6.344919699778363 
4.636102269484806 
1.3609622865862059 
0.8992537843281356 
3.215524880748574 
4.813009708446704 
6.550707462879726 
5.734805259068833 
8.89573864594645 
3.1109616412573624 
8.072254222165778 
0.8156881385104686 
6.431900526770173 
4.348829288465328 
3.4835521545103285 
0.695744177392219 
0.5610778369177571 
9.151307597495208 
4.987879405716733 
2.506802781476971 
5.1721937934238085 
8.327948186041453 
8.48118129297983 
8.859228277919545 
9.61051628590899 
7.37474596279376 
0.9939177293339363 
8.466359085796572 
2.476600667297949 
4.824393306372059 
8.08614985929898 
1.189803863555543 
4.066008087146164 
2.7532794283225313 
4.56609496598421 
6.099125808532307 
2.760980319136536 
4.416111728412292 
1.6014343056117697 
6.745374896499126 
5.2511158334131505 
3.144871616661138 
3.7950219796428963 
9.801620573621117 
9.705954895591587 
6.732198083680324 
3.849365900868882 
6.765931527987169 
4.688967593915373 
1.5187538236601539 
2.0006715539956454 
8.050461307479 
5.571219547276984 
7.8202421166116585 
7.112918974775537 
5.881945348096558 
7.382723256485289 
5.7825336717593325 
3.8848469726045067 
3.9247355468213687 
7.086972259403099 
5.534584305714409 
6.96078198167217 
9.472274708993051 
5.957507592267961 
9.605133940469395 
2.3986090836440432 
7.540972721856818 
5.597984223189872 
4.644790841825976 
0.49518552491514156 
0.3828760106693607 
3.4462376390506364 
8.210022354992168 
7.160021478024228 
3.40166910182639 
8.643265369200256 
2.4352469289462944 
8.84220620596862 
7.295392516172917 
1.0993449319681514 
9.810157053677589 
1.7041176869466423 
6.000592404808367 
6.1084280379726055 
4.058029396186571 
4.283272629568313 
9.748470231961093 
4.622149216522829 
4.898236327028625 
9.722105016355894 
2.478218710670852 
1.4240699860205086 
5.875697711975002 
1.3488684457284672 
6.038531596908658 
5.930609299948499 
1.2360533048878397 
6.851052435775989 
0.7074290379970183 
4.276527140553712 
3.237433332360112 
1.8679810025771215 
3.413941141049489 
4.872662360864642 
5.673815919469435 
1.016776739832329 
8.205874792204897 
1.6046241071942702 
1.1257149572175873 
4.850596065858794 
8.754408192879229 
4.181337289664013 
2.0689745470078313 
2.285663582256947 
2.228435176653083 
7.957838920672353 
1.2058205587983617 
8.431871877062463 
6.072374735219715 
1.5496941526977892 
8.029564721229756 
3.724140993643882 
8.339251080465624 
7.290933605965156 
6.2615762606466845 
3.1147878641384708 
0.32983844602794576 
6.327079769718159 
5.866534554653131 
7.306159571026866 
4.646348581275732 
0.681278950342008 
0.5355842204982075 
9.443061460370203 
9.573497562655454 
5.671057231976362 
6.758858606885737 
4.0054945342011585 
3.979857769285017 
7.945979138025149 
4.651524418242366 
1.508371317467867 
3.0192948809185127 
6.25360630596543 
9.419382651433647 
4.627817289328582 
3.4742220211809647 
0.33126887929192717 
6.643441279578849 
1.194327321206211 
2.169608394217234 
2.45262262794225 
9.544027967490422 
8.057558795036114 
2.469702209507675 
4.95284917153255 
4.8298674941462565 
9.737783308688346 
1.486748217950572 
7.394394021559643 
4.482088868838289 
3.615425797248364 
4.4652650125590165 
8.368708779700935 
7.5216283849679115 
9.939447169810368 
7.495140288948965 
2.3196742583350005 
6.317068698215854 
8.106801372101417 
9.780368689402875 
7.906826863192062 
8.837053002167817 
3.9719328369915874 
8.757566936547045 
5.804270367031144 
1.2956070336946235 
2.2752907747495534 
5.901756550050248 
2.9201791099602636 
2.4679998895716713 
5.040608780568267 
0.02379477228829474 
3.186343236504643 
6.078934467548434 
1.6286922393499903 
1.8953824898601535 
0.08787762660216414 
7.873651316404921 
3.94352953526129 
1.2681579128287024 
3.550820449330101 
1.5983093545163218 
3.1149912269250013 
3.0552469653259307 
5.127013659848996 
5.069776239363948 
6.335315220890911 
7.889458540787489 
6.805099070482522 
6.426369950007373 
9.252823680294416 
6.2829546167927735 
8.20616844468934 
1.763156173797784 
7.296075776971148 
7.960385121484872 
8.492387606338482 
5.046048768093179 
9.85260930735257 
3.3074548818659935 
0.849106359821683 
6.8770135855088 
0.4744675770812379 
2.706655518294859 
5.546917698564742 
5.024694749569461 
5.474110061013072 
1.910621338420837 
9.377796452986372 
7.446815550613488 
6.520107252164089 
9.106004539334336 
0.2750870549027662 
8.636530647689746 
5.787205294735217 
6.9077850623135255 
7.096546307823115 
2.199601593314452 
9.426025258033809 
8.74855666084062 
0.9619070384945361 
0.36137154235111213 
9.70286838019935 
4.923540698254369 
5.94092229656399 
6.338389016777445 
8.567227397841217 
5.770570512187155 
1.7299820539626876 
4.278092862031907 
9.006834277234498 
6.352526974611154 
3.5198455083709304 
8.494458797348809 
8.01357075012821 
7.90954322694005 
0.7038880259698521 
2.7810402054614256 
7.216979626889519 
7.470308689642043 
5.694207036350302 
7.915255109196114 
3.5188086958580644 
6.7292249395578985 
7.6140479174891516 
0.8049156898657694 
6.04254731596812 
1.0918492706676197 
2.5224094867045155 
1.063242384568519 
0.7517534170444296 
5.630566899901586 
6.876299371580278 
5.765219276329455 
0.04525143897345263 
0.7767055530220779 
7.593220135643537 
0.2440340883580694 
5.804029111325337 
7.875847454091142 
4.1877438517349415 
9.687694799971315 
1.8184589646031757 
6.217228630160845 
2.837050727125944 
7.328310832379459 
0.8998831370258586 
6.024086424394457 
1.213139475921572 
6.505048514257354 
1.5069189732505628 
2.601722205975202 
6.085299789725394 
6.521333760277438 
6.564706438997423 
6.985434930635536 
3.095446425125712 
1.5582900830520563 
4.528130760380579 
9.710578093129135 
5.7383940925501955 
7.726514171189533 
4.48825205172612 
6.853439864677743 
2.8337225349271145 
8.416521583283522 
4.11999318971611 
7.30393047226922 
8.21521762277313 
3.588026740938557 
4.691606316937847 
3.2346310317905025 
8.608743920190896 
7.858211508250128 
3.4993112481896693 
8.865774957905385 
7.519243346067351 
4.49479667191706 
9.617396545701315 
4.724176723260573 
