3.8352982593504095 
5.851761819008104 
9.642506440297193 
8.733014083888492 
0.7475210729157511 
5.618704784050971 
4.081897162201107 
9.892813931188638 
6.07179575487447 
9.359060602573951 
5.929572848671329 
8.085492512584437 
5.74159122761691 
1.5993961289412728 
9.041293077459096 
6.084931312112881 
8.31904319467441 
9.887185284065174 
9.001176332073292 
3.7454488849202203 
7.969691773621459 
6.044890382055112 
7.636189262034728 
5.169161689554144 
6.998089011237026 
3.4374711460622285 
7.508451680610269 
2.195647410753047 
8.732574443720978 
3.923465123253079 
6.759854744487923 
8.46949302812893 
5.092190977695951 
0.8777383373043768 
4.441716737404258 
0.07168337891682142 
4.345635334176237 
7.4630609683273965 
2.487126333671159 
2.973363522165572 
2.2093294786518647 
2.2609912718625056 
9.91203160437259 
8.44884773795322 
0.960279664588316 
4.195116051372441 
6.970408879693509 
9.429750980372813 
0.08939678827352027 
0.9238457767658392 
2.973248827135444 
6.079105812375586 
6.028921020418666 
6.144876988297023 
9.07210791007133 
7.2748018848031 
6.6304006953207 
2.6473442044255426 
9.609133084990804 
2.410310569546492 
3.637468353125295 
6.877351559192485 
7.4299866601178906 
2.286664962812941 
9.262438875884435 
8.341194252405646 
8.07146634193744 
6.9356431365289115 
0.06358439778870739 
2.2170559489726713 
2.8732108586944607 
9.552660503756112 
7.145329446418788 
6.717534199972026 
5.0270749620718105 
5.733712212347762 
3.4569404625541287 
0.6581445707989286 
4.272392940093951 
4.855402469406826 
2.972087521358684 
7.731856394232205 
5.999092424328413 
8.195061260662715 
9.649339395470605 
2.0513034025732346 
8.397000815010005 
2.78339747245493 
9.720813003643073 
7.62570970344507 
9.266009781159214 
2.13129152457764 
9.217284491762305 
3.3777001188390896 
9.943994439614697 
6.027299975863053 
9.362913992917134 
1.812694350438958 
5.923293052127789 
2.953191850260346 
7.234797839849939 
6.510113443940782 
8.176459231510213 
1.977648888464758 
0.5556036799691266 
1.5114200474129713 
0.7905534050178098 
0.35999693697485236 
9.612895796498492 
3.421545760426421 
7.339130198779885 
2.766768699151767 
3.4615134262332283 
1.744656720291814 
0.42193413929815904 
5.288487728117007 
3.4068862575614087 
0.091654706082408 
1.3127972950333033 
3.1818700263786024 
8.320012344972982 
7.611725302298495 
8.791116047581312 
3.045214941140787 
1.413728231887792 
1.4727589328951118 
8.194817762309361 
8.995608360083327 
2.5444190404571208 
0.7915328088280338 
8.60839118555342 
4.7672912620202945 
9.33879624708535 
8.352532306052037 
7.005826706137897 
0.09046035256094376 
7.208790114761664 
9.617296076720569 
1.2498083975723795 
7.389278389964504 
1.5222927415687426 
3.1870260349669763 
7.999254481378508 
2.580196869869517 
2.183193685769899 
7.094174151615464 
7.813369800929148 
4.983796220651461 
3.1889548177712923 
1.7367974133739017 
8.155212299540997 
7.0516598101692765 
0.08584946635004198 
4.8551017144186215 
2.216316269985313 
2.002482494898068 
1.2254185441348808 
9.774755373617095 
8.937217743368521 
5.242147953874856 
4.832051389053493 
8.221443222061286 
7.032644467907996 
7.3463563296931405 
6.570059223237184 
8.628834556380331 
6.596096625052579 
6.776840055363241 
1.0231822854621464 
6.254173440080727 
5.96580929401815 
7.258527930505776 
6.741390291705571 
7.054712194455889 
9.054460477847671 
0.5627408233720488 
4.516455029746518 
8.389163541409934 
0.7321293270619178 
2.5077116820079626 
6.606502007354148 
0.48606351096728395 
2.8703325366783297 
8.75395306084484 
2.766605895975023 
7.868850819043133 
9.860837563445626 
1.741805183009807 
0.8391580483765859 
3.2549839681118273 
2.455974762172921 
7.409418671061818 
4.82818116863212 
1.270158899921039 
3.4638649192562196 
3.5296933851917887 
5.057726562386227 
4.643519625710369 
1.0093820476605575 
7.895442672345681 
1.4727023062029687 
2.4215241239288177 
1.1580052764186533 
5.3496672907741125 
5.127373819748815 
9.579617359167273 
4.484155512201227 
8.033720572044583 
7.540587885217525 
7.649652579547219 
8.45056532708387 
3.4143103857659387 
5.653862550277924 
4.694599290811922 
8.046916609347335 
0.35596130809474213 
1.151575872768481 
6.5066756559551635 
9.568056209303224 
0.8981008379896827 
0.9424923032041521 
5.624695130288314 
7.400962598153079 
2.945918234755668 
0.9331108109703101 
4.0926077512294246 
5.0260330306737835 
6.662218093113856 
6.803589319977052 
2.4003724847183685 
0.509263736865756 
9.565901508854491 
9.342422054963977 
4.301363503140058 
2.96825505991553 
3.211931755148493 
1.2200088663287978 
5.293685323072076 
1.904487379298102 
7.297890733135896 
4.400291921826542 
4.439629169628418 
9.87028221140443 
3.834287126129845 
0.7186566128365912 
1.6813507231704228 
9.637992570757884 
7.340483232140052 
3.291178885607878 
4.552212944584372 
7.237412947644285 
7.301966644979197 
8.534753220821248 
2.174922322031525 
8.455879303528276 
5.98204241011549 
1.7157044488858286 
8.924299764013229 
3.693312326927968 
2.8373427065281867 
5.706790226520426 
0.767234152628955 
3.8556791372250365 
4.659911085482591 
3.6049521820877106 
2.804449423740331 
7.141096682769533 
8.244731249871828 
7.334078733545407 
4.811090243240762 
8.224492500562606 
5.291144621449763 
6.151032151505604 
7.827281404545719 
8.70862846691201 
8.177876000243696 
8.373631605302677 
5.298483063607337 
4.1305240724965735 
5.804976877145897 
0.39894596162988183 
4.1602004795823 
9.427108199185541 
2.269780701355816 
0.6846752660108146 
7.917538919004368 
4.908578652802079 
1.4545496399969915 
1.0304590012556014 
0.5406383733067854 
8.67677000455523 
5.214959310185844 
5.040356345383148 
3.608078135970164 
3.0130095640797983 
9.587055020602081 
1.2736111957887697 
4.800275877455558 
4.754085244483871 
0.6354122608640855 
8.128011459456516 
5.48754914743464 
1.474032246735616 
3.8684227385224244 
8.22421035633239 
8.912796722212265 
7.431640060221175 
0.2021340977964592 
5.250751661205637 
4.236162883685278 
3.15633799693394 
5.391861071952562 
3.547346520784348 
1.1290964691924332 
1.0247173016954858 
5.657094171673348 
8.750041321975411 
5.621439277753759 
9.811432971611103 
4.517039783632799 
9.26339676783989 
4.772860212202222 
0.41493323428431816 
5.241271088827868 
6.678556604326226 
4.096543766854397 
6.48399789210138 
4.719673720083342 
0.4241472899000309 
7.188879269115765 
1.610380942180012 
1.5604000984875077 
5.915342320332655 
0.08810136041453642 
7.928304969764812 
2.283653003286763 
5.636677370444514 
8.255948373315501 
1.7639973498756822 
1.9732679615691462 
4.591790266423709 
5.921845471788551 
0.28043489492472484 
1.3422493371808208 
0.46543659502913504 
8.433438773267948 
3.724363595792215 
7.611249728562244 
4.859240169122053 
8.758031781100286 
9.039230598409992 
9.21135047063423 
4.314239039915126 
9.556496724933847 
2.130789242157155 
7.761319284405907 
1.282700483338921 
2.5334938234057036 
6.796187553371143 
0.9832483800609537 
4.554236562888512 
7.220124150560325 
4.068294627448577 
8.973037653126818 
2.552841507113487 
4.267241916449588 
2.0541107246944987 
9.555674609331174 
3.973327543581968 
8.107537372926785 
7.9531672188478195 
8.284922033236317 
2.782989272446118 
8.333321621800035 
4.56917449823324 
9.713543756449265 
5.720714097664206 
1.6648859227468438 
4.0309164583750405 
1.5373974193773643 
0.562106508777449 
9.178526133391907 
7.819953439673261 
2.917005170907739 
4.9603755783621795 
2.2966250752936244 
1.6419138939624933 
5.989755297876572 
6.772862681182071 
1.6091728853744613 
9.345113853003712 
4.543185075901936 
1.105711313777319 
4.819685834885375 
8.786770162948462 
4.125553413426065 
0.09127524951508814 
6.410958599717817 
4.672074552029325 
6.121423407843716 
