10308.979388822474 
9741.611628804041 
10398.29243015473 
9879.153035759422 
10147.464058765514 
10688.36762251018 
10207.312718222982 
9913.614174188437 
10019.893565602724 
10054.454300194875 
10260.380744692739 
9572.461965119295 
9443.519036409129 
9737.543377611308 
10458.853239880225 
10400.10419205519 
10335.63693586364 
10096.868963890023 
10461.110668752579 
10174.090365625509 
10340.850037380325 
9984.62946415961 
10396.084838335819 
9941.50931449743 
10133.732454196452 
10446.332281529807 
10346.576905305552 
10416.649714805068 
9844.659572383955 
10652.10485525926 
9624.925014860395 
10303.662663553747 
9854.35968907457 
10618.284986498937 
10222.781895357984 
10566.067863112243 
10086.94429278567 
10422.68659279673 
10290.116398279994 
10827.337045686032 
10507.983847191215 
10239.767352509694 
10666.247524927527 
10014.464966234395 
9911.24119223449 
10206.999664291128 
9923.977774222309 
10281.57552873996 
10579.737973517958 
10027.64103570017 
9678.106619389639 
10305.930027447064 
9848.889585999113 
10183.48409119584 
10693.44571823012 
10452.340517089167 
10128.428632874487 
10580.238211094536 
10651.198803884086 
10591.579195494456 
10161.144522759247 
10024.308472202238 
10674.748860878626 
10101.067987949746 
10216.32894289501 
10023.834391908715 
9609.188390442288 
10117.411443037654 
10752.034170517301 
10461.906546589427 
9991.235161570869 
9922.180033300183 
10069.49479492232 
10341.881227582882 
10585.90335313117 
10560.514620383741 
10048.499291323127 
9893.825901228809 
10543.982137415385 
10110.565497313506 
9929.14367714866 
10321.61328691514 
10525.3234641399 
10569.174987891827 
10371.592298298987 
10227.642165805652 
10645.573013222913 
10432.799798139918 
10948.719951353769 
10521.480249149232 
10561.580153739129 
10693.856406435867 
10356.061186500337 
10771.96053861 
10587.789127827873 
9515.93277582213 
9526.318852496091 
10290.279806210252 
10189.550494614397 
10807.989449994104 
10209.47910712771 
10607.813453618985 
9994.340870349806 
10361.635144681897 
10259.309871425721 
10283.24238238233 
10298.134801997974 
10336.139673464337 
9797.118716875217 
9969.702756195407 
10295.960313336314 
9865.614932047976 
10068.296470688349 
10534.433608009174 
10105.042755315972 
10426.372887187395 
10285.115965118714 
10454.381118509677 
9893.958954210657 
9894.689213526188 
10372.541541051747 
10294.874115820103 
9990.73308472225 
10689.779870046808 
9857.963374963774 
9677.562493331812 
9966.156789198089 
10543.270604473744 
10019.489689745518 
10635.299296144034 
10209.071570939417 
10694.410410999672 
10583.019494872418 
9505.707259062458 
10839.25100785175 
10286.180684785477 
10302.366859281821 
10429.370286270681 
10124.271149621145 
10260.943438775177 
10011.21145909892 
10473.090270186776 
10283.761418824623 
10786.819756118974 
10022.572628547387 
10232.623823133777 
9884.88447108727 
10273.247021611156 
10186.960348578179 
10151.13294264532 
10580.637139824039 
9933.922399326791 
10588.086739701832 
10387.665937434447 
10402.215153197278 
10787.56965660826 
10032.02460009363 
11142.70016763907 
10339.706147312754 
10289.393477100099 
9534.860965092861 
10027.702941186042 
10478.503752983172 
10396.486128909399 
10147.493475640516 
9871.353028578545 
9913.79105696965 
10101.869608979616 
9799.762901282209 
10532.542324709482 
10548.202094860508 
10658.624699128897 
10202.06951768967 
10149.90212504309 
9543.527168849278 
10326.004237291276 
10673.730811450869 
9889.824745574117 
10462.069128670444 
10275.131281147795 
10458.298750030352 
10468.163280297089 
9860.772445349183 
10477.886579853319 
10232.78843832687 
9855.77065622947 
10265.903959206147 
10718.201963411011 
10496.031743078009 
10220.749016990443 
10977.118737636043 
10531.17452476949 
10578.028171300039 
10795.086140309286 
10145.927883854838 
10233.885842061767 
10145.504331017348 
9866.182457190507 
10184.807645983172 
9593.20932125637 
9862.46791562286 
10815.655493618908 
10556.592782674803 
9929.053926037463 
9782.273974082396 
10002.119896132754 
9815.207843532753 
10650.664961391896 
10361.87462000495 
10694.659900077286 
9975.047577494022 
10523.326605708884 
10256.188808788258 
10505.687218693834 
10759.463301230313 
9481.81684130063 
10357.52055371246 
10366.002077769703 
9995.598110044246 
10613.982906879202 
10085.742870679003 
10707.995918552871 
9505.757582109583 
10379.530907858241 
9955.24763779097 
9692.621284602286 
10367.871552134187 
9624.884202342448 
10040.455528398197 
10203.602903725778 
10181.799371968396 
10169.38914123541 
9804.038859962071 
10671.773226773097 
9858.590811155926 
10198.222971878802 
10488.720383838721 
10175.094776507058 
11025.116678388835 
9743.23858465349 
10250.992903221615 
10290.25546478102 
10170.966158654435 
10576.841214354761 
10229.357378914385 
10216.673091010063 
10892.260568429674 
10293.048050932575 
9681.231505984975 
10035.662598985968 
10580.788575196135 
10808.671587507833 
10382.696386596917 
10351.12372298917 
9835.973377803806 
10578.12673204604 
10511.873537015823 
10457.525588363482 
9907.482648802574 
10651.704324783295 
10157.58169315426 
9846.827505894737 
10475.93057179884 
10722.021333994055 
9754.262668727388 
10151.161342499432 
10572.071100663466 
10104.26570692585 
10069.772391669077 
10127.638389224741 
9945.639618677373 
10388.379188030984 
10005.818137995639 
10016.752514746182 
10613.264084770406 
10689.082503201556 
10256.972751151568 
10178.718481031137 
10492.72966189616 
11037.621193580644 
10042.941379832388 
10151.768716779678 
10718.282700237794 
9806.707931343177 
10286.087690940141 
10877.799752737004 
10002.406046475717 
9930.888773008932 
9994.88677803767 
10361.802793426648 
10027.963575346439 
9539.05225397008 
10563.599925965347 
10206.424386227758 
9873.049722034051 
10476.439069896696 
10746.606511960064 
10259.796295056422 
10550.706852821853 
10365.059676740912 
9980.776620658193 
10145.835778750383 
10416.988153339824 
10406.128117304139 
10544.511161048507 
8952.88210875309 
10047.572630720546 
10200.085274561727 
10168.653447115945 
10033.699348725815 
10315.767012343806 
10418.851707225278 
10767.291021752413 
10680.03271787484 
10497.74535424237 
10233.279980401494 
10258.297391106345 
10252.022317513716 
10754.983220599248 
10673.416378676295 
10706.818613562285 
10261.666442604503 
10185.4940887468 
9709.39876761117 
10342.225036260994 
10128.3200971372 
10691.253937607431 
10797.090972024105 
10079.237257091752 
10690.730530067145 
10675.96282459132 
10228.078671015879 
10253.993020012973 
10019.99998479984 
10979.73422659827 
9942.776518194654 
10235.431819742813 
10444.173148535192 
10331.448733514724 
10214.551390283545 
10742.046612113982 
9799.464884420075 
10290.188305336229 
9913.281414377561 
10068.114068267656 
9961.019025788499 
10686.86607006079 
10192.018893631219 
10964.111630046818 
9780.3951530403 
10345.033002235492 
10241.336362771604 
10197.987780306998 
9986.232549769695 
9752.501135438484 
10576.365904843804 
10039.29576171611 
10349.918877591796 
10330.391829516038 
11110.736170118915 
10861.158253213665 
9725.289420839967 
10427.59763464661 
10120.563346259874 
10050.473138247775 
10333.022689269583 
10261.42591101871 
9982.968257538325 
10018.590366817161 
10251.084794313807 
10805.097526237309 
10436.215533421862 
10006.213673178221 
10028.88756751969 
9744.929842694186 
9446.394803157911 
10385.699722587458 
10022.776183540796 
10718.282132938628 
10299.367829885883 
9585.718179287269 
10245.213226355188 
10107.625150057826 
9974.322146993114 
10385.341668623982 
10311.391427631615 
10254.801517377387 
10078.613403121853 
10719.378377955341 
9465.982657298473 
10609.767132608142 
10150.41381660227 
10473.18675135083 
10492.15139853741 
10658.956670500667 
10422.867847704381 
10171.048657243131 
10540.723903325457 
10574.790519821481 
10419.711139729954 
